,Level,F1-Score,Precision,Recall
0,business administration,0.8050847457627119,0.76,0.8558558558558559
1,"education, sales and marketing",0.8848848848848849,0.8735177865612648,0.896551724137931
2,"engineering, construction and transport",0.7476635514018691,0.7142857142857143,0.7843137254901961
3,information technology,0.8678414096916299,0.9048556430446194,0.8337363966142685
4,health and social care,0.8217821782178217,0.8556701030927835,0.7904761904761904
5,science and research,0.5862068965517241,0.7083333333333334,0.5
6,Communication,0.9417475728155339,0.9326923076923077,0.9509803921568627
7,Time management,0.8982035928143712,0.8426966292134831,0.9615384615384616
8,Decision making,0.8461538461538461,0.8148148148148148,0.88
9,Optimism,0.8669950738916256,0.8461538461538461,0.8888888888888888
10,Coaching,0.8333333333333333,0.7692307692307693,0.9090909090909091
11,Initiative,0.5806451612903225,0.9,0.42857142857142855
12,Social skills,0.8465116279069766,0.9285714285714286,0.7777777777777778
13,Creativity,0.8353413654618473,0.7647058823529411,0.9203539823008849
14,Leadership,0.7729083665338646,0.782258064516129,0.7637795275590551
15,Self-confidence,0.8253968253968255,1.0,0.7027027027027027
16,Enthusiasm,0.8985507246376812,0.8920863309352518,0.9051094890510949
17,Teamwork,0.9482758620689655,0.9482758620689655,0.9482758620689655
18,Goal,0.8311688311688312,0.8205128205128205,0.8421052631578947
19,Critical thinking,0.56,0.4666666666666667,0.7
20,Flexibility,0.7272727272727272,0.6666666666666666,0.8
21,Integrity,0.711111111111111,0.6956521739130435,0.7272727272727273
22,Hospitality,1.0,1.0,1.0
23,Conflict management,0.9158878504672897,0.8990825688073395,0.9333333333333333
24,Ethic,0.8679245283018868,0.8518518518518519,0.8846153846153846
25,Negotiation,0.9454545454545454,0.896551724137931,1.0
26,Adaptive,0.8235294117647058,0.84,0.8076923076923077
27,Active listening,0.6666666666666666,1.0,0.5
28,Presentation,0.8857142857142857,0.8857142857142857,0.8857142857142857
29,Problem solving,0.5849056603773586,0.543859649122807,0.6326530612244898
30,Emotional intelligence,0.9259259259259259,0.8620689655172413,1.0
31,Argumentation,0.923076923076923,1.0,0.8571428571428571
32,Persuasion,1.0,1.0,1.0
33,Mentoring,0.923076923076923,1.0,0.8571428571428571
34,Writing,0.8571428571428571,0.8048780487804879,0.9166666666666666
35,Decision,0.9714285714285714,0.9444444444444444,1.0
36,Accountability,0.8571428571428572,0.9,0.8181818181818182
37,Detail,0.9230769230769231,0.9473684210526315,0.9
38,Strategic thinking,0.0,0.0,0.0
0,AVG_MICRO,0.8601412448023233,,
0,AVG_MICRO,0.8130265030252879,,
