,Level,F1-Score,Precision,Recall
0,business administration,0.7987220447284346,0.7575757575757576,0.8445945945945946
1,"education, sales and marketing",0.8853359980014989,0.8724766125061546,0.8985801217038539
2,"engineering, construction and transport",0.7541766109785203,0.7348837209302326,0.7745098039215687
3,information technology,0.8734177215189873,0.8924290220820189,0.8551995163240629
4,health and social care,0.787878787878788,0.8387096774193549,0.7428571428571429
5,science and research,0.5625,0.6,0.5294117647058824
6,Communication,0.9504950495049505,0.96,0.9411764705882353
7,Time management,0.8928571428571429,0.8333333333333334,0.9615384615384616
8,Decision making,0.8085106382978724,0.8636363636363636,0.76
9,Optimism,0.8256880733944952,0.7563025210084033,0.9090909090909091
10,Coaching,0.7142857142857143,0.75,0.6818181818181818
11,Initiative,0.7916666666666667,0.7037037037037037,0.9047619047619048
12,Social skills,0.7707317073170732,0.8977272727272727,0.6752136752136753
13,Creativity,0.8806584362139918,0.823076923076923,0.9469026548672567
14,Leadership,0.7674418604651163,0.7557251908396947,0.7795275590551181
15,Self-confidence,0.8787878787878788,1.0,0.7837837837837838
16,Enthusiasm,0.8850174216027875,0.8466666666666667,0.927007299270073
17,Teamwork,0.9298245614035087,0.9464285714285714,0.9137931034482759
18,Goal,0.8648648648648649,0.8888888888888888,0.8421052631578947
19,Critical thinking,0.7272727272727272,0.6666666666666666,0.8
20,Flexibility,0.888888888888889,1.0,0.8
21,Integrity,0.7058823529411765,0.6206896551724138,0.8181818181818182
22,Hospitality,1.0,1.0,1.0
23,Conflict management,0.9201877934272301,0.9074074074074074,0.9333333333333333
24,Ethic,0.875,0.9545454545454546,0.8076923076923077
25,Negotiation,0.9285714285714286,0.8666666666666667,1.0
26,Adaptive,0.8426395939086294,0.8924731182795699,0.7980769230769231
27,Active listening,0.625,0.8333333333333334,0.5
28,Presentation,0.8955223880597014,0.9375,0.8571428571428571
29,Problem solving,0.5544554455445544,0.5384615384615384,0.5714285714285714
30,Emotional intelligence,0.9433962264150945,0.8928571428571429,1.0
31,Argumentation,0.8148148148148148,0.8461538461538461,0.7857142857142857
32,Persuasion,1.0,1.0,1.0
33,Mentoring,0.923076923076923,1.0,0.8571428571428571
34,Writing,0.8,0.7692307692307693,0.8333333333333334
35,Decision,0.8888888888888888,0.8421052631578947,0.9411764705882353
36,Accountability,0.9,1.0,0.8181818181818182
37,Detail,0.8648648648648648,0.9411764705882353,0.8
38,Strategic thinking,0.0,0.0,0.0
0,AVG_MICRO,0.8608872288840835,,
0,AVG_MICRO,0.8133672696267491,,
